16
50

5000	-7913.74654
5000	3345.682785785818
5000	-34716.7564734535
5000	32188.5892828177
5000	-804.1985445274737
5000	11392.05620000441
5000	-305987.506342328
5000	3288.158377585832
5000	5196.379807409561
5000	5164.955561474109
5000	-0
5000	113985.1181468071
5000	-23667.07805537497
5000	-24720.40236861163
5000	-7324.029385440769
5000	5134.797890609291

146
6739.725	10355.05	7650.4	5219.5	5776.125	6641.175	4374.525	3847.1	6429.475	5396.525	5219.5	4182.9	7391.25	5038.825	10349.575	6051.7	
87
3204.8625	5457.075	3845.4	2396.85	2628.4875	3220.0875	1838.9625	2266.35	3117.8625	2582.8125	2296.8	1779.15	5115.6	2189.1375	5399.4375	2838.375	
672
4914	26409.6	19622.4	13876.8	9147.6	14977.2	21848.4	35330.4	15111.6	23679.6	9828	19303.2	57472.8	11180.4	22957.2	15489.6	
1337
32372.1125	29982.225	21024.325	29681.4	21275.0125	20071.7125	64292.9875	80186.575	25921.0875	69206.46249999999	23096.675	48700.225	135170.7	40527.8125	60515.9625	52911.775	
31
1715.4625	2152.175	1577.9	1061.75	1250.4625	1363.6125	1524.0375	955.575	1318.6625	1789.0875	1133.05	1015.25	2005.7	1379.8875	2512.9375	1823.575	
559
6421.5125	23701.6	16197.025	10383.425	7483.6125	12332.9375	15840.6625	27251.25	12444.7375	17769.2125	7029.425	13919.1	45474.65	6966.5375	20326.6375	10956.4	
2370
81972.375	28499.25	43134	65767.5	58805.625	48555.375	138615.375	155294.25	53176.875	147325.125	56998.5	102384	259515	96429.375	131920.125	118381.5	
1089
33391.4625	26544.375	6370.65	16770.6	13571.6625	8861.737499999999	51550.5375	57907.575	10985.2875	57376.6875	12741.3	33595.65	105796.35	32220.7875	60071.9625	46527.525	
33
2020.8375	2480.775	1869.45	1324.95	1525.8375	1646.2875	1817.0625	1211.925	1593.4875	2099.2125	1395.9	1275.45	1940.4	1663.6125	2869.7625	2135.925	
32
1459.6	1995.2	1402.4	869.6	1050.8	1181.2	1133.2	546.4	1134.8	1406.8	928.8	768.8	1950.4	1145.2	2314.8	1500.8	
5495
141015.4375	205925.125	104130.25	12638.5	46089.3125	66146.0625	198300.8125	220212.125	58178.3125	241573.9375	25277	97536.25	461992.125	106122.1875	288418.8125	185456.25	
904
17684.5	32069.4	15322.8	8429.799999999999	1231.7	9073.9	32781.3	41335.4	9254.700000000001	37595.1	2463.4	19775	79235.60000000001	16712.7	41956.9	28589	
1466
38207.625	42477.35	15319.7	15832.8	11526.425	5185.975	62653.175	71210.95	11563.075	70496.27499999999	10371.95	38482.5	135275.15	36631.675	77569.72500000001	55891.25	
143
1953.7375	5044.325	4089.8	3428.425	2289.7875	3530.3125	5553.7625	8308.299999999999	3558.9125	5947.0125	2434.575	4897.75	13134.55	3283.6375	4634.9875	4204.2	
615
17181.5625	36054.375	25399.5	16297.5	15828.5625	21148.3125	7310.8125	21709.5	20779.3125	12569.0625	14621.625	11931	39913.5	11169.9375	32479.6875	14375.625	
564
25640.85	35602.5	25154.4	15763.8	18421.65	21255.75	18478.05	8135.7	20437.95	23300.25	16271.4	12619.5	35094.9	19253.55	39867.75	24957	
226
7031.425	10492.05	6305.4	2542.5	3918.275	4743.175	6856.275	7119	4415.475	8788.575000000001	3062.3	2712	17458.5	5031.325	13093.875	8294.200000000001	
3016
78453.7	92515.8	36644.4	27445.6	23562.5	23034.7	126332.7	141375	11423.1	144881.1	22846.2	74042.8	274079	75211.5	159433.3	114834.2	
253
9452.7125	12441.275	7754.45	3542	5082.1375	6005.5875	10274.9625	10214.875	5638.7375	12438.1125	4123.9	5635.575	21789.625	8073.8625	16239.4375	11726.55	
195
8597.0625	14113.125	10500.75	7254	7875.5625	9152.8125	5467.3125	6371.625	8870.0625	6729.9375	7312.5	5869.5	9506.25	6695.8125	13554.9375	7707.375	
38
1581.275	2030.15	1326.2	693.5	924.825	1063.525	1628.775	1619.75	1008.425	1953.675	780.9	931.95	3066.6	1298.175	2600.625	1846.8	
807
23170.9875	48702.45	36072.9	26166.975	23493.7875	30494.5125	14919.4125	33813.3	30655.9125	11166.8625	22333.725	20982	56025.975	17380.7625	40178.5125	15978.6	
551
12087.5625	19877.325	9670.049999999999	3801.9	2252.2125	5847.4875	19650.0375	23844.525	6260.7375	22873.3875	0	10703.175	46945.2	10145.2875	26881.9125	17728.425	
304
4883	12851.6	10822.4	8930	6798.2	9435.4	11943.4	18148.8	9496.200000000001	11616.6	7106	10898.4	28226.4	7117.4	7725.4	7911.6	
814
24063.875	39682.5	24603.15	11050.05	13644.675	18976.375	20197.375	24684.55	17796.075	27157.075	10541.3	5270.65	59259.2	14845.325	44597.025	26495.7	
337
4124.0375	12148.85	8180.675	5611.05	2952.9625	5851.1625	11613.8625	17111.175	5918.5625	12852.3375	3268.9	9073.725	29479.075	5623.6875	13172.4875	8745.15	
4368
281463	406770	325852.8	253234.8	264755.4	294457.8	211356.6	210756	289434.6	239639.4	248102.4	222222	124051.2	238875	392519.4	261534	
577
11056.7625	22113.525	11424.6	5582.475	2430.6125	7436.0875	19279.0125	25460.125	7551.4875	22351.5375	1601.175	11698.675	49650.85	9022.8375	26549.2125	16963.8	
482
8585.625	22449.15	14122.6	7458.95	6609.425	10790.775	11525.825	20448.85	10887.175	14092.475	5916.55	8953.15	37089.9	2958.275	20575.375	9917.15	
495
12480.1875	25455.375	22151.25	19069.875	15598.6875	19892.8125	23976.5625	34080.75	19991.8125	23444.4375	16099.875	22275	50490	16118.4375	8049.9375	17411.625	
231
3727.7625	11116.875	8229.375	5826.975	4628.6625	6632.5875	6476.6625	11884.95	6678.7875	6101.2875	4440.975	6843.375	18722.55	3693.1125	8596.0875	3285.975	
322
4673.025	13346.9	7880.95	4330.9	2861.775	5655.125	9623.775	14610.75	5719.525	11338.425	2398.9	6931.05	26701.85	3900.225	13310.675	7961.45	
685
13451.6875	35106.25	25927.25	17347.625	15249.8125	21192.1875	16808.1875	32845.75	21329.1875	15695.0625	14693.25	19385.5	53121.75	10951.4375	27888.0625	7346.625	
12912
372672.6	229188	203364	322800	261306.6	229995	681269.4	810550.8	258078.6	728398.2	261790.8	512606.4	1361570.4	451435.8	644793	575875.2	
325
9745.9375	18070	12049.375	7198.75	7592.8125	9802.8125	5780.9375	10692.5	9607.8125	8559.6875	6353.75	4891.25	21336.25	5951.5625	17830.3125	9514.375	
366
12055.125	18181.05	11400.9	5307	7379.475	8870.924999999999	10865.625	10202.25	8340.225	13994.925	5984.1	4154.1	26946.75	8459.174999999999	21470.475	13697.55	
3671
97602.71249999999	73603.55	59561.975	83331.7	65940.33749999999	56946.3875	185247.8375	222003.725	73007.0125	198738.7625	65986.22500000001	137295.4	378755.425	119995.8125	174969.0375	155375.075	
2213
60774.5125	63568.425	27330.55	30982	20497.9125	15076.0625	97731.6125	114578.075	24757.9375	109515.8375	20525.575	63513.1	209073.175	58395.5375	114439.7625	87468.825	
705
54470.0625	65177.25	52117.125	40378.875	44494.3125	47243.8125	47631.5625	34351.125	46820.8125	53659.3125	42775.875	39250.875	40960.5	48318.9375	73399.3125	55712.625	
328
7146.3	8618.200000000001	6428.8	7822.8	5211.1	5621.1	15256.1	19762	7047.9	16305.7	5658	11939.2	32644.2	9417.700000000001	13583.3	12308.2	
1681
38011.6125	70728.075	39587.55	15801.4	16494.8125	27925.6125	49862.6625	62659.275	26917.0125	61965.8625	10086	22567.425	133135.2	23134.7625	81255.33749999999	47404.2	
1117
39723.3125	52917.875	32225.45	13627.4	20427.1375	24504.1875	41119.5625	40854.275	22884.5375	50669.9125	16196.5	20636.575	91957.02499999999	31401.6625	69686.83749999999	47528.35	
275
16111.5625	20714.375	15620	11041.25	12598.4375	13719.0625	12502.1875	7885.625	13320.3125	14853.4375	11550	10071.875	13193.125	13052.1875	23103.4375	15654.375	
500
16981.25	32575	23312.5	16250	16268.75	19856.25	9331.25	20750	19556.25	9543.75	14550	13087.5	32087.5	12481.25	27518.75	12525	
2241
168663.2625	210766.05	169251.525	131938.875	144628.5375	153760.6125	134768.1375	109304.775	150511.1625	149278.6125	136084.725	124879.725	89976.14999999999	142499.5875	224408.1375	160511.625	
733
57109.8625	66703	53124.175	40919.725	45381.8625	48057.3125	52583.5875	39050.575	46994.4625	58814.0875	42605.625	40553.225	45922.45	49175.1375	75966.28750000001	61003.925	
222
15576.075	18481.5	14368.95	10672.65	12024.075	12834.375	14205.225	10134.3	12512.475	16103.325	11183.25	10561.65	14940.6	13172.925	21287.025	16755.45	
49
2542.4875	3928.575	3020.85	2205	2361.1875	2682.1375	1756.0375	1983.275	2611.0875	2073.3125	2174.375	1857.1	2006.55	2064.7375	3788.3125	2318.925	
1464
34056.3	34221	24448.8	31329.6	21905.1	20807.1	69009.3	86632.2	27212.1	74352.89999999999	23899.8	51935.4	147937.2	42986.7	64873.5	56510.4	
222
7095.675	11999.1	7886.55	4190.25	4847.925	6351.975	4903.425	6421.35	6030.075	6801.525	4001.55	2614.05	14979.45	4503.825	12617.925	7448.1	
